0.4353083434
0.4050785973
0.3954050786
0.3978234583
0.3760580411
0.3663845224
0.3688029021
0.3422007255
0.3494558646
0.3288996372
0.3397823458
0.2986698912
0.2998790810
0.3143893591
0.3010882709
0.2769044740
0.2962515115
0.2950423216
0.2732769045
0.2769044740
0.2672309553
0.2575574365
0.3458282950
0.2853688029
0.2575574365
0.2297460701
0.2442563482
0.2164449819
0.2394195889
0.2212817412
0.2249093108
0.2224909311
0.2116082225
0.2370012092
0.2140266022
0.2128174123
0.2116082225
0.2079806530
0.2031438936
0.1825876663
0.1765417170
0.1765417170
0.1741233374
0.1741233374
0.1692865780
0.1862152358
0.1765417170
0.1608222491
0.1644498186
0.1620314389
0.1378476421
0.1668681983
0.1414752116
0.1632406288
0.1668681983
0.1632406288
0.1559854897
0.1414752116
0.1499395405
0.1535671100
0.1402660218
0.1511487304
0.1318016929
0.1487303507
0.1245465538
0.1281741233
0.1209189843
0.1245465538
0.1245465538
0.1172914148
0.1366384522
0.1221281741
0.1112454655
0.1160822249
0.1185006046
0.1451027811
0.1088270859
0.1148730351
0.1124546554
0.1124546554
0.1076178960
0.1088270859
0.1088270859
0.1027811366
0.1088270859
0.1027811366
0.1064087062
0.1112454655
0.1088270859
0.1100362757
0.1027811366
0.1039903265
0.1027811366
0.0967351874
0.1051995163
0.0979443773
0.1039903265
0.0991535671
0.0967351874
0.1039903265
0.0943168077
0.1015719468
0.0918984281
0.1015719468
0.0967351874
0.0955259976
0.0991535671
0.0967351874
0.1027811366
0.1003627570
0.1039903265
0.0967351874
0.1003627570
0.0967351874
0.0967351874
0.1027811366
0.1003627570
0.1003627570
0.0931076179
0.1015719468
0.0967351874
0.1015719468
0.0967351874
0.0979443773
0.0979443773
0.0979443773
0.1027811366
0.1003627570
0.1003627570
0.0955259976
0.0955259976
0.0979443773
0.0991535671
0.0955259976
0.0991535671
0.0955259976
0.0955259976
0.0955259976
0.0979443773
0.0967351874
0.0967351874
0.0991535671
0.0955259976
0.0967351874
0.0943168077
0.0991535671
0.0943168077
0.0979443773
0.0967351874
0.0955259976
0.0979443773
0.0979443773
0.0979443773
0.0967351874
0.0967351874
0.0979443773
0.0967351874
0.0955259976
0.0967351874
0.0979443773
0.0955259976
0.0967351874
0.0967351874
0.0967351874
0.0967351874
0.0967351874
0.0955259976
0.0979443773
0.0967351874
0.0979443773
0.0955259976
0.0991535671
0.0979443773
0.0955259976
0.0967351874
0.0967351874
0.0955259976
0.0967351874
0.0967351874
0.0967351874
0.0967351874
0.0967351874
0.0979443773
0.0979443773
0.0967351874
0.0967351874
0.0967351874
0.0967351874
0.0967351874
0.0967351874
0.0979443773
0.0967351874
0.0967351874
0.0967351874
0.0967351874
0.0967351874
0.0967351874
0.0967351874
0.0967351874
0.0967351874
