0.4171632896
0.4195470799
0.4088200238
0.4028605483
0.3790226460
0.3671036949
0.3444576877
0.3325387366
0.3241954708
0.3075089392
0.3027413588
0.2860548272
0.2634088200
0.2824791418
0.2514898689
0.2383790226
0.2431466031
0.2622169249
0.2276519666
0.2431466031
0.2324195471
0.2276519666
0.2109654350
0.2169249106
0.1990464839
0.2205005959
0.1907032181
0.1907032181
0.1847437426
0.1942789035
0.1740166865
0.1775923719
0.1620977354
0.1632896305
0.1609058403
0.1680572110
0.1549463647
0.1549463647
0.1477949940
0.1573301549
0.1370679380
0.1275327771
0.1394517282
0.1370679380
0.1239570918
0.1227651967
0.1239570918
0.1215733015
0.1179976162
0.1108462455
0.1179976162
0.1215733015
0.1191895113
0.1144219309
0.1168057211
0.1156138260
0.1156138260
0.1215733015
0.1168057211
0.1144219309
0.1132300358
0.1191895113
0.1108462455
0.1120381406
0.1084624553
0.1144219309
0.1060786651
0.1120381406
0.1168057211
0.1108462455
0.1120381406
0.1084624553
0.1096543504
0.1048867700
0.1060786651
0.1096543504
0.1025029797
0.1072705602
0.1001191895
0.1013110846
0.1025029797
0.1013110846
0.1013110846
0.1013110846
0.1036948749
0.1036948749
0.1025029797
0.1036948749
0.1025029797
0.0989272944
0.1025029797
0.0977353993
0.1025029797
0.0977353993
0.0965435042
0.0929678188
0.0965435042
0.0953516091
0.1013110846
0.0977353993
0.0929678188
0.0953516091
0.0965435042
0.0953516091
0.0953516091
0.0917759237
0.0953516091
0.0977353993
0.0929678188
0.0989272944
0.0941597139
0.0941597139
0.0941597139
0.0965435042
0.0965435042
0.0989272944
0.0965435042
0.0989272944
0.0917759237
0.0941597139
0.0965435042
0.0965435042
0.0977353993
0.0977353993
0.0953516091
0.0941597139
0.0965435042
0.0917759237
0.0989272944
0.0953516091
0.0977353993
0.0953516091
0.0929678188
0.0941597139
0.0965435042
0.0953516091
0.0965435042
0.0965435042
0.0953516091
0.0965435042
0.0941597139
0.0917759237
0.0917759237
0.0977353993
0.0965435042
0.0929678188
0.0953516091
0.0953516091
0.0941597139
0.0965435042
0.0941597139
0.0953516091
0.0941597139
0.0965435042
0.0941597139
0.0941597139
0.0941597139
0.0965435042
0.0965435042
0.0953516091
0.0953516091
0.0941597139
0.0965435042
0.0941597139
0.0941597139
0.0941597139
0.0941597139
0.0941597139
0.0941597139
0.0941597139
0.0941597139
0.0941597139
0.0953516091
0.0941597139
0.0941597139
0.0965435042
0.0941597139
0.0941597139
0.0941597139
0.0941597139
0.0941597139
0.0941597139
0.0941597139
0.0941597139
0.0941597139
0.0941597139
0.0941597139
0.0941597139
0.0941597139
0.0941597139
0.0941597139
0.0941597139
0.0941597139
0.0941597139
0.0941597139
0.0941597139
0.0941597139
0.0941597139
0.0941597139
0.0941597139
